  0.3949906E+00  0.1293083E+01  0.2226068E-12 1
  0.3949906E+00 -0.1293083E+01  0.2226068E-12 1
  0.3508920E+00  0.2492925E+01  0.1605995E-10 1
  0.3508920E+00 -0.2492925E+01  0.1605995E-10 1
  0.3022407E+00  0.1751110E+01  0.7875226E-09 1
  0.3022407E+00 -0.1751110E+01  0.7875226E-09 1
  0.2742683E+00  0.2692788E+01  0.9269702E-08 1
  0.2742683E+00 -0.2692788E+01  0.9269702E-08 1
  0.2694324E+00  0.1631442E+01  0.2383722E-07 1
  0.2694324E+00 -0.1631442E+01  0.2383722E-07 1
  0.2623021E+00  0.9852089E+00  0.2528985E-07 1
  0.2623021E+00 -0.9852089E+00  0.2528985E-07 1
  0.2476811E+00  0.5009466E+00  0.6488325E-08 1
  0.2476811E+00 -0.5009466E+00  0.6488325E-08 1
  0.2111652E+00  0.8331467E+00  0.1536354E-05 0
  0.2111652E+00 -0.8331467E+00  0.1536354E-05 0
  0.1991714E+00  0.0000000E+00  0.9509162E-06 1
  0.1829484E+00  0.2104328E+01  0.6171089E-05 0
  0.1829484E+00 -0.2104328E+01  0.6171089E-05 0
  0.1734067E+00  0.2506833E+01  0.1305805E-04 0
  0.1734067E+00 -0.2506833E+01  0.1305805E-04 0
  0.1577285E+00  0.2408449E+01  0.2663461E-04 0
  0.1577285E+00 -0.2408449E+01  0.2663461E-04 0
  0.1310929E+00  0.1795436E+01  0.4370895E-03 0
  0.1310929E+00 -0.1795436E+01  0.4370895E-03 0
  0.1227575E+00  0.1337592E+01  0.8176591E-03 0
  0.1227575E+00 -0.1337592E+01  0.8176591E-03 0
  0.1045491E+00  0.1166795E+01  0.2513408E-02 0
  0.1045491E+00 -0.1166795E+01  0.2513408E-02 0
  0.1038292E+00  0.9233310E+00  0.1502031E-01 0
  0.1038292E+00 -0.9233310E+00  0.1502031E-01 0
  0.9625344E-01  0.1436411E+01  0.8529086E-02 0
  0.9625344E-01 -0.1436411E+01  0.8529086E-02 0
  0.9402285E-01  0.8773576E+00  0.1284832E-01 0
  0.9402285E-01 -0.8773576E+00  0.1284832E-01 0
  0.9359992E-01  0.1048825E+01  0.5465186E-02 0
  0.9359992E-01 -0.1048825E+01  0.5465186E-02 0
  0.8489569E-01  0.0000000E+00  0.2031227E-02 0
  0.8078207E-01 -0.1639877E+01  0.1324409E-01 0
  0.8078207E-01  0.1639877E+01  0.1324409E-01 0
  0.7933273E-01 -0.2093729E+01  0.2419480E-01 0
  0.7933273E-01  0.2093729E+01  0.2419480E-01 0
  0.7790510E-01 -0.6810888E+00  0.1336087E-01 0
  0.7790510E-01  0.6810888E+00  0.1336087E-01 0
  0.7249739E-01 -0.2235844E+01  0.6814299E-02 0
  0.7249739E-01  0.2235844E+01  0.6814299E-02 0
  0.5751821E-01 -0.1241784E+01  0.4006655E-01 0
  0.5751821E-01  0.1241784E+01  0.4006655E-01 0
  0.5667535E-01  0.0000000E+00  0.1589555E-02 0
  0.5385243E-01 -0.1907113E+01  0.2367066E-01 0
  0.5385243E-01  0.1907113E+01  0.2367066E-01 0
  0.4015501E-01 -0.4929264E+00  0.3460996E-01 0
  0.4015501E-01  0.4929264E+00  0.3460996E-01 0
  0.3465856E-01  0.2814077E+01  0.5559657E-01 0
  0.3465856E-01 -0.2814077E+01  0.5559657E-01 0
  0.3368295E-01 -0.5381603E+00  0.6447453E-01 0
  0.3368295E-01  0.5381603E+00  0.6447453E-01 0
  0.2293468E-01  0.2700293E+01  0.4330126E-01 0
  0.2293468E-01 -0.2700293E+01  0.4330126E-01 0
  0.2243340E-01  0.2945889E+01  0.4492897E-01 0
  0.2243340E-01 -0.2945889E+01  0.4492897E-01 0
  0.2029015E-01 -0.2510488E+01  0.6281585E-01 0
  0.2029015E-01  0.2510488E+01  0.6281585E-01 0
  0.9689323E-02 -0.1739246E+00  0.3754986E-01 0
  0.9689323E-02  0.1739246E+00  0.3754986E-01 0
  0.4199466E-02  0.0000000E+00  0.7959349E-01 0
  0.2004246E-02  0.2329483E+01  0.8931240E-01 0
  0.2004246E-02 -0.2329483E+01  0.8931240E-01 0
 -0.8377245E-02  0.1521283E+01  0.1168491E+00 0
 -0.8377245E-02 -0.1521283E+01  0.1168491E+00 0
 -0.1091268E-01  0.2885679E+00  0.9240000E-01 0
 -0.1091268E-01 -0.2885679E+00  0.9240000E-01 0
 -0.1146100E-01  0.1317733E+01  0.1872151E+00 0
 -0.1146100E-01 -0.1317733E+01  0.1872151E+00 0
 -0.1210104E-01  0.2043484E+01  0.1648285E+00 0
 -0.1210104E-01 -0.2043484E+01  0.1648285E+00 0
 -0.1734177E-01  0.9412327E+00  0.2266600E+00 0
 -0.1734177E-01 -0.9412327E+00  0.2266600E+00 0
 -0.2158429E-01  0.6767704E+00  0.2100525E+00 0
 -0.2158429E-01 -0.6767704E+00  0.2100525E+00 0
 -0.3897955E-01  0.0000000E+00  0.1437134E+00 0
 -0.4727098E-01  0.5319882E+00  0.2833370E+00 0
 -0.4727098E-01 -0.5319882E+00  0.2833370E+00 0
 -0.7698340E-01  0.9218199E-01  0.2630564E+00 0
 -0.7698340E-01 -0.9218199E-01  0.2630564E+00 0
 -0.8339762E-01  0.2970246E+01  0.2962400E+00 0
 -0.8339762E-01 -0.2970246E+01  0.2962400E+00 0
 -0.9174291E-01 -0.3445783E+00  0.3007365E+00 0
 -0.9174291E-01  0.3445783E+00  0.3007365E+00 0
 -0.9793781E-01  0.1750067E+01  0.3506888E+00 0
 -0.9793781E-01 -0.1750067E+01  0.3506888E+00 0
 -0.1243484E+00  0.2618089E+01  0.3861482E+00 0
 -0.1243484E+00 -0.2618089E+01  0.3861482E+00 0
 -0.1617664E+00  0.2798484E+01  0.4625239E+00 0
 -0.1617664E+00 -0.2798484E+01  0.4625239E+00 0
 -0.1824017E+00  0.2015513E+01  0.4950222E+00 0
 -0.1824017E+00 -0.2015513E+01  0.4950222E+00 0
 -0.3031950E+00  0.1764810E+01  0.6023391E+00 0
 -0.3031950E+00 -0.1764810E+01  0.6023391E+00 0
 -0.1380136E+01  0.0000000E+00  0.9181564E+00 0
