  0.1564950E-01  0.7565346E+00  0.2407361E-19 1
  0.1564950E-01 -0.7565346E+00  0.2407361E-19 1
 -0.8736263E-01  0.0000000E+00  0.7450878E-11 1
 -0.1346261E+00 -0.7794786E+00  0.2445376E-09 1
 -0.1346261E+00  0.7794786E+00  0.2445376E-09 1
 -0.1403995E+00 -0.6927459E+00  0.8273800E-09 1
 -0.1403995E+00  0.6927459E+00  0.8273800E-09 1
 -0.1410123E+00  0.5888577E+00  0.2405228E-08 1
 -0.1410123E+00 -0.5888577E+00  0.2405228E-08 1
 -0.1469370E+00  0.4958181E+00  0.9836072E-08 1
 -0.1469370E+00 -0.4958181E+00  0.9836072E-08 1
 -0.1546020E+00 -0.8592537E+00  0.2515424E-08 1
 -0.1546020E+00  0.8592537E+00  0.2515424E-08 1
 -0.1598288E+00  0.4031096E+00  0.7152114E-07 1
 -0.1598288E+00 -0.4031096E+00  0.7152114E-07 1
 -0.1802212E+00  0.3115625E+00  0.1765895E-05 0
 -0.1802212E+00 -0.3115625E+00  0.1765895E-05 0
 -0.1813378E+00  0.9374868E+00  0.4857791E-07 1
 -0.1813378E+00 -0.9374868E+00  0.4857791E-07 1
 -0.1844685E+00  0.6843859E+00  0.4098824E-06 1
 -0.1844685E+00 -0.6843859E+00  0.4098824E-06 1
 -0.1873473E+00  0.9464470E-01  0.1428920E-04 0
 -0.1873473E+00 -0.9464470E-01  0.1428920E-04 0
 -0.2016850E+00  0.6380609E+00  0.2366281E-03 0
 -0.2016850E+00 -0.6380609E+00  0.2366281E-03 0
 -0.2056285E+00  0.1533700E+00  0.1331218E-04 0
 -0.2056285E+00 -0.1533700E+00  0.1331218E-04 0
 -0.2058961E+00  0.2304060E+00  0.1630264E-04 0
 -0.2058961E+00 -0.2304060E+00  0.1630264E-04 0
 -0.2114436E+00  0.9978421E+00  0.2416464E-03 0
 -0.2114436E+00 -0.9978421E+00  0.2416464E-03 0
 -0.2119840E+00  0.1012860E+01  0.2792530E-05 0
 -0.2119840E+00 -0.1012860E+01  0.2792530E-05 0
 -0.2154241E+00  0.4200755E+00  0.2254808E-03 0
 -0.2154241E+00 -0.4200755E+00  0.2254808E-03 0
 -0.2156817E+00  0.7832754E+00  0.2581488E-03 0
 -0.2156817E+00 -0.7832754E+00  0.2581488E-03 0
 -0.2171097E+00  0.8900902E+00  0.3312505E-03 0
 -0.2171097E+00 -0.8900902E+00  0.3312505E-03 0
 -0.2211655E+00  0.3204144E+00  0.2670324E-03 0
 -0.2211655E+00 -0.3204144E+00  0.2670324E-03 0
 -0.2233936E+00  0.3014941E+00  0.2497129E-03 0
 -0.2233936E+00 -0.3014941E+00  0.2497129E-03 0
 -0.2236647E+00  0.5258448E+00  0.2032288E-03 0
 -0.2236647E+00 -0.5258448E+00  0.2032288E-03 0
 -0.2351756E+00  0.3805247E+00  0.1626263E-03 0
 -0.2351756E+00 -0.3805247E+00  0.1626263E-03 0
 -0.2362426E+00  0.2392049E+00  0.1119159E-03 0
 -0.2362426E+00 -0.2392049E+00  0.1119159E-03 0
 -0.2371659E+00  0.5320397E+00  0.1793557E-03 0
 -0.2371659E+00 -0.5320397E+00  0.1793557E-03 0
 -0.2396736E+00  0.4577745E+00  0.1525216E-03 0
 -0.2396736E+00 -0.4577745E+00  0.1525216E-03 0
 -0.2417865E+00  0.1770124E+00  0.1283675E-03 0
 -0.2417865E+00 -0.1770124E+00  0.1283675E-03 0
 -0.2494034E+00  0.6058006E+00  0.1104725E-03 0
 -0.2494034E+00 -0.6058006E+00  0.1104725E-03 0
 -0.2508146E+00  0.1191666E+00  0.1581720E-03 0
 -0.2508146E+00 -0.1191666E+00  0.1581720E-03 0
 -0.2517894E+00  0.1081232E+01  0.8203712E-05 0
 -0.2517894E+00 -0.1081232E+01  0.8203712E-05 0
 -0.2557761E+00  0.6866110E+00  0.7609417E-04 0
 -0.2557761E+00 -0.6866110E+00  0.7609417E-04 0
 -0.2605337E+00  0.1212567E+01  0.5373836E-04 0
 -0.2605337E+00 -0.1212567E+01  0.5373836E-04 0
 -0.2648201E+00  0.7636258E+00  0.7892388E-04 0
 -0.2648201E+00 -0.7636258E+00  0.7892388E-04 0
 -0.2654951E+00  0.1121653E+01  0.2639305E-04 0
 -0.2654951E+00 -0.1121653E+01  0.2639305E-04 0
 -0.2663195E+00  0.6431079E-01  0.1691409E-03 0
 -0.2663195E+00 -0.6431079E-01  0.1691409E-03 0
 -0.2716225E+00 -0.1313871E+01  0.2563399E-04 0
 -0.2716225E+00  0.1313871E+01  0.2563399E-04 0
 -0.2760737E+00  0.1196036E+01  0.9991960E-04 0
 -0.2760737E+00 -0.1196036E+01  0.9991960E-04 0
 -0.2780036E+00  0.8416419E+00  0.7663603E-04 0
 -0.2780036E+00 -0.8416419E+00  0.7663603E-04 0
 -0.2794983E+00 -0.1346696E+01  0.8358748E-04 0
 -0.2794983E+00  0.1346696E+01  0.8358748E-04 0
 -0.2803391E+00  0.1139985E+01  0.5069687E-04 0
 -0.2803391E+00 -0.1139985E+01  0.5069687E-04 0
 -0.2808371E+00 -0.1412537E+01  0.1622616E-04 0
 -0.2808371E+00  0.1412537E+01  0.1622616E-04 0
 -0.2809940E+00  0.1239466E+01  0.8008074E-04 0
 -0.2809940E+00 -0.1239466E+01  0.8008074E-04 0
 -0.2812145E+00  0.0000000E+00  0.3380541E-03 0
 -0.2905369E+00 -0.1289011E+01  0.5219139E-04 0
 -0.2905369E+00  0.1289011E+01  0.5219139E-04 0
 -0.2911951E+00  0.1511538E+01  0.1312952E-04 0
 -0.2911951E+00 -0.1511538E+01  0.1312952E-04 0
 -0.2918551E+00 -0.1050962E+01  0.4851655E-04 0
 -0.2918551E+00  0.1050962E+01  0.4851655E-04 0
 -0.2920441E+00 -0.9166179E+00  0.7682097E-04 0
 -0.2920441E+00  0.9166179E+00  0.7682097E-04 0
 -0.2951322E+00  0.1461452E+01  0.5613675E-04 0
 -0.2951322E+00 -0.1461452E+01  0.5613675E-04 0
 -0.2980653E+00  0.1571646E+01  0.6573668E-04 0
 -0.2980653E+00 -0.1571646E+01  0.6573668E-04 0
 -0.2985417E+00  0.1375248E+01  0.3975457E-04 0
 -0.2985417E+00 -0.1375248E+01  0.3975457E-04 0
 -0.3005023E+00 -0.9823512E+00  0.7158604E-04 0
 -0.3005023E+00  0.9823512E+00  0.7158604E-04 0
 -0.3009692E+00  0.1452573E+01  0.4262629E-04 0
 -0.3009692E+00 -0.1452573E+01  0.4262629E-04 0
 -0.3023935E+00  0.1611122E+01  0.1173424E-04 0
 -0.3023935E+00 -0.1611122E+01  0.1173424E-04 0
 -0.3027600E+00  0.0000000E+00  0.1189950E-02 0
 -0.3100067E+00 -0.1682098E+01  0.5240718E-04 0
 -0.3100067E+00  0.1682098E+01  0.5240718E-04 0
 -0.3136742E+00 -0.1711217E+01  0.1136032E-04 0
 -0.3136742E+00  0.1711217E+01  0.1136032E-04 0
 -0.3200786E+00 -0.1534952E+01  0.2251565E-04 0
 -0.3200786E+00  0.1534952E+01  0.2251565E-04 0
 -0.3254754E+00 -0.1792093E+01  0.3581822E-04 0
 -0.3254754E+00  0.1792093E+01  0.3581822E-04 0
 -0.3254975E+00 -0.1812372E+01  0.1293527E-04 0
 -0.3254975E+00  0.1812372E+01  0.1293527E-04 0
 -0.3345274E+00 -0.1620544E+01  0.1520240E-04 0
 -0.3345274E+00  0.1620544E+01  0.1520240E-04 0
 -0.3386985E+00 -0.1917441E+01  0.1800384E-04 0
 -0.3386985E+00  0.1917441E+01  0.1800384E-04 0
 -0.3398535E+00 -0.1901851E+01  0.2073618E-04 0
 -0.3398535E+00  0.1901851E+01  0.2073618E-04 0
 -0.3469822E+00 -0.1709036E+01  0.1131207E-04 0
 -0.3469822E+00  0.1709036E+01  0.1131207E-04 0
 -0.3498162E+00 -0.2174189E+01  0.3708139E-04 0
 -0.3498162E+00  0.2174189E+01  0.3708139E-04 0
 -0.3521812E+00 -0.2037979E+01  0.2150908E-04 0
 -0.3521812E+00  0.2037979E+01  0.2150908E-04 0
 -0.3535099E+00 -0.2006618E+01  0.7354202E-05 0
 -0.3535099E+00  0.2006618E+01  0.7354202E-05 0
 -0.3543657E+00  0.2303374E+01  0.5542666E-04 0
 -0.3543657E+00 -0.2303374E+01  0.5542666E-04 0
 -0.3572347E+00 -0.1799537E+01  0.8851739E-05 0
 -0.3572347E+00  0.1799537E+01  0.8851739E-05 0
 -0.3638963E+00  0.2438441E+01  0.7460257E-04 0
 -0.3638963E+00 -0.2438441E+01  0.7460257E-04 0
 -0.3683846E+00 -0.1888420E+01  0.6381784E-05 0
 -0.3683846E+00  0.1888420E+01  0.6381784E-05 0
 -0.3690145E+00 -0.2109281E+01  0.4227363E-05 0
 -0.3690145E+00  0.2109281E+01  0.4227363E-05 0
 -0.3830305E+00 -0.1978410E+01  0.3969555E-05 0
 -0.3830305E+00  0.1978410E+01  0.3969555E-05 0
 -0.3850623E+00  0.2210132E+01  0.3832385E-05 0
 -0.3850623E+00 -0.2210132E+01  0.3832385E-05 0
 -0.3871668E+00  0.2826360E+01  0.2716615E-03 0
 -0.3871668E+00 -0.2826360E+01  0.2716615E-03 0
 -0.3908559E+00 -0.2585573E+01  0.7558817E-04 0
 -0.3908559E+00  0.2585573E+01  0.7558817E-04 0
 -0.3934393E+00 -0.2070713E+01  0.3217680E-05 0
 -0.3934393E+00  0.2070713E+01  0.3217680E-05 0
 -0.4035989E+00  0.2155518E+01  0.2676729E-05 0
 -0.4035989E+00 -0.2155518E+01  0.2676729E-05 0
 -0.4038116E+00  0.2307456E+01  0.3754516E-05 0
 -0.4038116E+00 -0.2307456E+01  0.3754516E-05 0
 -0.4128672E+00  0.2244587E+01  0.2481838E-05 0
 -0.4128672E+00 -0.2244587E+01  0.2481838E-05 0
 -0.4182768E+00  0.2336868E+01  0.3006442E-05 0
 -0.4182768E+00 -0.2336868E+01  0.3006442E-05 0
 -0.4225318E+00  0.2435078E+01  0.3778870E-05 0
 -0.4225318E+00 -0.2435078E+01  0.3778870E-05 0
 -0.4236596E+00  0.2399162E+01  0.3037115E-05 0
 -0.4236596E+00 -0.2399162E+01  0.3037115E-05 0
 -0.4319728E+00 -0.2533678E+01  0.4370818E-05 0
 -0.4319728E+00  0.2533678E+01  0.4370818E-05 0
 -0.4367844E+00  0.2489789E+01  0.3089964E-05 0
 -0.4367844E+00 -0.2489789E+01  0.3089964E-05 0
 -0.4426252E+00 -0.2579966E+01  0.4780468E-05 0
 -0.4426252E+00  0.2579966E+01  0.4780468E-05 0
 -0.4439484E+00 -0.2629348E+01  0.5694488E-05 0
 -0.4439484E+00  0.2629348E+01  0.5694488E-05 0
 -0.4497960E+00 -0.2669110E+01  0.5879411E-05 0
 -0.4497960E+00  0.2669110E+01  0.5879411E-05 0
 -0.4508837E+00  0.2797119E+01  0.9984196E-05 0
 -0.4508837E+00 -0.2797119E+01  0.9984196E-05 0
 -0.4519446E+00 -0.2712811E+01  0.6578619E-05 0
 -0.4519446E+00  0.2712811E+01  0.6578619E-05 0
 -0.4525370E+00 -0.2755734E+01  0.7507749E-05 0
 -0.4525370E+00  0.2755734E+01  0.7507749E-05 0
 -0.4546129E+00  0.2885853E+01  0.1328888E-04 0
 -0.4546129E+00 -0.2885853E+01  0.1328888E-04 0
 -0.4556666E+00  0.2842778E+01  0.1061728E-04 0
 -0.4556666E+00 -0.2842778E+01  0.1061728E-04 0
 -0.4612163E+00  0.3123784E+01  0.5217226E-04 0
 -0.4612163E+00 -0.3123784E+01  0.5217226E-04 0
 -0.4621492E+00  0.3089023E+01  0.4228838E-04 0
 -0.4621492E+00 -0.3089023E+01  0.4228838E-04 0
 -0.4624989E+00  0.2924755E+01  0.1348283E-04 0
 -0.4624989E+00 -0.2924755E+01  0.1348283E-04 0
 -0.4630891E+00  0.2970405E+01  0.1705261E-04 0
 -0.4630891E+00 -0.2970405E+01  0.1705261E-04 0
 -0.4639153E+00  0.3005529E+01  0.2291950E-04 0
 -0.4639153E+00 -0.3005529E+01  0.2291950E-04 0
 -0.4679586E+00  0.3049415E+01  0.2540206E-04 0
 -0.4679586E+00 -0.3049415E+01  0.2540206E-04 0
 -0.5753636E+00  0.1707550E+01  0.4787479E-03 0
 -0.5753636E+00 -0.1707550E+01  0.4787479E-03 0
 -0.6655892E+00  0.0000000E+00  0.1229173E+00 0
 -0.1179618E+01  0.0000000E+00  0.1097156E+00 0
 -0.5658813E+01  0.0000000E+00  0.1530708E+00 0
