  0.7386891E+00  0.6972319E+00  0.2407361E-19 1
  0.7386891E+00 -0.6972319E+00  0.2407361E-19 1
  0.9163447E+00  0.0000000E+00  0.7450878E-11 1
  0.6216892E+00 -0.6143721E+00  0.2445376E-09 1
  0.6216892E+00  0.6143721E+00  0.2445376E-09 1
  0.6686998E+00 -0.5549961E+00  0.8273800E-09 1
  0.6686998E+00  0.5549961E+00  0.8273800E-09 1
  0.7222057E+00  0.4823629E+00  0.2405228E-08 1
  0.7222057E+00 -0.4823629E+00  0.2405228E-08 1
  0.7593838E+00  0.4107392E+00  0.9836072E-08 1
  0.7593838E+00 -0.4107392E+00  0.9836072E-08 1
  0.5594642E+00 -0.6488689E+00  0.2515424E-08 1
  0.5594642E+00  0.6488689E+00  0.2515424E-08 1
  0.7839749E+00  0.3343367E+00  0.7152114E-07 1
  0.7839749E+00 -0.3343367E+00  0.7152114E-07 1
  0.7948809E+00  0.2559924E+00  0.1765895E-05 0
  0.7948809E+00 -0.2559924E+00  0.1765895E-05 0
  0.4936652E+00  0.6723889E+00  0.4857791E-07 1
  0.4936652E+00 -0.6723889E+00  0.4857791E-07 1
  0.6442881E+00  0.5257012E+00  0.4098824E-06 1
  0.6442881E+00 -0.5257012E+00  0.4098824E-06 1
  0.8254448E+00  0.7835808E-01  0.1428920E-04 0
  0.8254448E+00 -0.7835808E-01  0.1428920E-04 0
  0.6565401E+00  0.4868469E+00  0.2366281E-03 0
  0.6565401E+00 -0.4868469E+00  0.2366281E-03 0
  0.8045790E+00  0.1243750E+00  0.1331218E-04 0
  0.8045790E+00 -0.1243750E+00  0.1331218E-04 0
  0.7924088E+00  0.1858766E+00  0.1630264E-04 0
  0.7924088E+00 -0.1858766E+00  0.1630264E-04 0
  0.4387974E+00  0.6801539E+00  0.2416464E-03 0
  0.4387974E+00 -0.6801539E+00  0.2416464E-03 0
  0.4283022E+00  0.6862959E+00  0.2792530E-05 0
  0.4283022E+00 -0.6862959E+00  0.2792530E-05 0
  0.7361070E+00  0.3287918E+00  0.2254808E-03 0
  0.7361070E+00 -0.3287918E+00  0.2254808E-03 0
  0.5711308E+00  0.5687112E+00  0.2581488E-03 0
  0.5711308E+00 -0.5687112E+00  0.2581488E-03 0
  0.5065206E+00  0.6254654E+00  0.3312505E-03 0
  0.5065206E+00 -0.6254654E+00  0.3312505E-03 0
  0.7607874E+00  0.2524668E+00  0.2670324E-03 0
  0.7607874E+00 -0.2524668E+00  0.2670324E-03 0
  0.7637241E+00  0.2374984E+00  0.2497129E-03 0
  0.7637241E+00 -0.2374984E+00  0.2497129E-03 0
  0.6915597E+00  0.4013459E+00  0.2032288E-03 0
  0.6915597E+00 -0.4013459E+00  0.2032288E-03 0
  0.7338923E+00  0.2935726E+00  0.1626263E-03 0
  0.7338923E+00 -0.2935726E+00  0.1626263E-03 0
  0.7671069E+00  0.1870775E+00  0.1119159E-03 0
  0.7671069E+00 -0.1870775E+00  0.1119159E-03 0
  0.6798195E+00  0.4001827E+00  0.1793557E-03 0
  0.6798195E+00 -0.4001827E+00  0.1793557E-03 0
  0.7058656E+00  0.3477659E+00  0.1525216E-03 0
  0.7058656E+00 -0.3477659E+00  0.1525216E-03 0
  0.7729540E+00  0.1382696E+00  0.1283675E-03 0
  0.7729540E+00 -0.1382696E+00  0.1283675E-03 0
  0.6405925E+00  0.4437297E+00  0.1104725E-03 0
  0.6405925E+00 -0.4437297E+00  0.1104725E-03 0
  0.7726479E+00  0.9251215E-01  0.1581720E-03 0
  0.7726479E+00 -0.9251215E-01  0.1581720E-03 0
  0.3655699E+00  0.6860923E+00  0.8203712E-05 0
  0.3655699E+00 -0.6860923E+00  0.8203712E-05 0
  0.5988546E+00  0.4908538E+00  0.7609417E-04 0
  0.5988546E+00 -0.4908538E+00  0.7609417E-04 0
  0.2701994E+00  0.7217192E+00  0.5373836E-04 0
  0.2701994E+00 -0.7217192E+00  0.5373836E-04 0
  0.5542781E+00  0.5306529E+00  0.7892388E-04 0
  0.5542781E+00 -0.5306529E+00  0.7892388E-04 0
  0.3329512E+00  0.6907720E+00  0.2639305E-04 0
  0.3329512E+00 -0.6907720E+00  0.2639305E-04 0
  0.7646104E+00  0.4924060E-01  0.1691409E-03 0
  0.7646104E+00 -0.4924060E-01  0.1691409E-03 0
  0.1936666E+00 -0.7371252E+00  0.2563399E-04 0
  0.1936666E+00  0.7371252E+00  0.2563399E-04 0
  0.2777424E+00  0.7060958E+00  0.9991960E-04 0
  0.2777424E+00 -0.7060958E+00  0.9991960E-04 0
  0.5045391E+00  0.5647430E+00  0.7663603E-04 0
  0.5045391E+00 -0.5647430E+00  0.7663603E-04 0
  0.1680416E+00 -0.7372547E+00  0.8358748E-04 0
  0.1680416E+00  0.7372547E+00  0.8358748E-04 0
  0.3155147E+00  0.6864928E+00  0.5069687E-04 0
  0.3155147E+00 -0.6864928E+00  0.5069687E-04 0
  0.1190116E+00 -0.7457142E+00  0.1622616E-04 0
  0.1190116E+00  0.7457142E+00  0.1622616E-04 0
  0.2456135E+00  0.7139669E+00  0.8008074E-04 0
  0.2456135E+00 -0.7139669E+00  0.8008074E-04 0
  0.7548664E+00  0.0000000E+00  0.3380541E-03 0
  0.2079587E+00 -0.7183667E+00  0.5219139E-04 0
  0.2079587E+00  0.7183667E+00  0.5219139E-04 0
  0.4426208E-01  0.7460580E+00  0.1312952E-04 0
  0.4426208E-01 -0.7460580E+00  0.1312952E-04 0
  0.3710007E+00 -0.6482156E+00  0.4851655E-04 0
  0.3710007E+00  0.6482156E+00  0.4851655E-04 0
  0.4543942E+00 -0.5925706E+00  0.7682097E-04 0
  0.4543942E+00  0.5925706E+00  0.7682097E-04 0
  0.8123766E-01  0.7399873E+00  0.5613675E-04 0
  0.8123766E-01 -0.7399873E+00  0.5613675E-04 0
 -0.6308497E-03  0.7422526E+00  0.6573668E-04 0
 -0.6308497E-03 -0.7422526E+00  0.6573668E-04 0
  0.1441545E+00  0.7277596E+00  0.3975457E-04 0
  0.1441545E+00 -0.7277596E+00  0.3975457E-04 0
  0.4109982E+00 -0.6159066E+00  0.7158604E-04 0
  0.4109982E+00  0.6159066E+00  0.7158604E-04 0
  0.8729311E-01  0.7349345E+00  0.4262629E-04 0
  0.8729311E-01 -0.7349345E+00  0.4262629E-04 0
 -0.2979467E-01  0.7384464E+00  0.1173424E-04 0
 -0.2979467E-01 -0.7384464E+00  0.1173424E-04 0
  0.7387764E+00  0.0000000E+00  0.1189950E-02 0
 -0.8146474E-01 -0.7289038E+00  0.5240718E-04 0
 -0.8146474E-01  0.7289038E+00  0.5240718E-04 0
 -0.1022763E+00 -0.7235644E+00  0.1136032E-04 0
 -0.1022763E+00  0.7235644E+00  0.1136032E-04 0
  0.2602085E-01 -0.7256256E+00  0.2251565E-04 0
  0.2602085E-01  0.7256256E+00  0.2251565E-04 0
 -0.1585156E+00 -0.7045726E+00  0.3581822E-04 0
 -0.1585156E+00  0.7045726E+00  0.3581822E-04 0
 -0.1727666E+00 -0.7011978E+00  0.1293527E-04 0
 -0.1727666E+00  0.7011978E+00  0.1293527E-04 0
 -0.3558857E-01 -0.7147908E+00  0.1520240E-04 0
 -0.3558857E-01  0.7147908E+00  0.1520240E-04 0
 -0.2421349E+00 -0.6703045E+00  0.1800384E-04 0
 -0.2421349E+00  0.6703045E+00  0.1800384E-04 0
 -0.2313880E+00 -0.6732199E+00  0.2073618E-04 0
 -0.2313880E+00  0.6732199E+00  0.2073618E-04 0
 -0.9739912E-01 -0.7000750E+00  0.1131207E-04 0
 -0.9739912E-01  0.7000750E+00  0.1131207E-04 0
 -0.3999415E+00 -0.5803573E+00  0.3708139E-04 0
 -0.3999415E+00  0.5803573E+00  0.3708139E-04 0
 -0.3166809E+00 -0.6278032E+00  0.2150908E-04 0
 -0.3166809E+00  0.6278032E+00  0.2150908E-04 0
 -0.2964457E+00 -0.6365780E+00  0.7354202E-05 0
 -0.2964457E+00  0.6365780E+00  0.7354202E-05 0
 -0.4692339E+00  0.5216204E+00  0.5542666E-04 0
 -0.4692339E+00 -0.5216204E+00  0.5542666E-04 0
 -0.1586373E+00 -0.6813853E+00  0.8851739E-05 0
 -0.1586373E+00  0.6813853E+00  0.8851739E-05 0
 -0.5301237E+00  0.4493804E+00  0.7460257E-04 0
 -0.5301237E+00 -0.4493804E+00  0.7460257E-04 0
 -0.2160719E+00 -0.6572448E+00  0.6381784E-05 0
 -0.2160719E+00  0.6572448E+00  0.6381784E-05 0
 -0.3545828E+00 -0.5935708E+00  0.4227363E-05 0
 -0.3545828E+00  0.5935708E+00  0.4227363E-05 0
 -0.2702757E+00 -0.6259326E+00  0.3969555E-05 0
 -0.2702757E+00  0.6259326E+00  0.3969555E-05 0
 -0.4059741E+00  0.5460223E+00  0.3832385E-05 0
 -0.4059741E+00 -0.5460223E+00  0.3832385E-05 0
 -0.6455208E+00  0.2105085E+00  0.2716615E-03 0
 -0.6455208E+00 -0.2105085E+00  0.2716615E-03 0
 -0.5745748E+00 -0.3570515E+00  0.7558817E-04 0
 -0.5745748E+00  0.3570515E+00  0.7558817E-04 0
 -0.3234347E+00 -0.5921602E+00  0.3217680E-05 0
 -0.3234347E+00  0.5921602E+00  0.3217680E-05 0
 -0.3686656E+00  0.5569489E+00  0.2676729E-05 0
 -0.3686656E+00 -0.5569489E+00  0.2676729E-05 0
 -0.4486197E+00  0.4946282E+00  0.3754516E-05 0
 -0.4486197E+00 -0.4946282E+00  0.3754516E-05 0
 -0.4129009E+00  0.5171325E+00  0.2481838E-05 0
 -0.4129009E+00 -0.5171325E+00  0.2481838E-05 0
 -0.4563227E+00  0.4743106E+00  0.3006442E-05 0
 -0.4563227E+00 -0.4743106E+00  0.3006442E-05 0
 -0.4985053E+00  0.4254673E+00  0.3778870E-05 0
 -0.4985053E+00 -0.4254673E+00  0.3778870E-05 0
 -0.4823618E+00  0.4425939E+00  0.3037115E-05 0
 -0.4823618E+00 -0.4425939E+00  0.3037115E-05 0
 -0.5329121E+00 -0.3708105E+00  0.4370818E-05 0
 -0.5329121E+00  0.3708105E+00  0.4370818E-05 0
 -0.5136521E+00  0.3919446E+00  0.3089964E-05 0
 -0.5136521E+00 -0.3919446E+00  0.3089964E-05 0
 -0.5436769E+00 -0.3420911E+00  0.4780468E-05 0
 -0.5436769E+00  0.3420911E+00  0.4780468E-05 0
 -0.5591600E+00 -0.3144208E+00  0.5694488E-05 0
 -0.5591600E+00  0.3144208E+00  0.5694488E-05 0
 -0.5678861E+00 -0.2902430E+00  0.5879411E-05 0
 -0.5678861E+00  0.2902430E+00  0.5879411E-05 0
 -0.5996396E+00  0.2151374E+00  0.9984196E-05 0
 -0.5996396E+00 -0.2151374E+00  0.9984196E-05 0
 -0.5787789E+00 -0.2645875E+00  0.6578619E-05 0
 -0.5787789E+00  0.2645875E+00  0.6578619E-05 0
 -0.5892502E+00 -0.2393661E+00  0.7507749E-05 0
 -0.5892502E+00  0.2393661E+00  0.7507749E-05 0
 -0.6140511E+00  0.1605528E+00  0.1328888E-04 0
 -0.6140511E+00 -0.1605528E+00  0.1328888E-04 0
 -0.6059291E+00  0.1866490E+00  0.1061728E-04 0
 -0.6059291E+00 -0.1866490E+00  0.1061728E-04 0
 -0.6304163E+00  0.1122832E-01  0.5217226E-04 0
 -0.6304163E+00 -0.1122832E-01  0.5217226E-04 0
 -0.6290581E+00  0.3309972E-01  0.4228838E-04 0
 -0.6290581E+00 -0.3309972E-01  0.4228838E-04 0
 -0.6149621E+00  0.1354767E+00  0.1348283E-04 0
 -0.6149621E+00 -0.1354767E+00  0.1348283E-04 0
 -0.6201376E+00  0.1072094E+00  0.1705261E-04 0
 -0.6201376E+00 -0.1072094E+00  0.1705261E-04 0
 -0.6230050E+00  0.8529543E-01  0.2291950E-04 0
 -0.6230050E+00 -0.8529543E-01  0.2291950E-04 0
 -0.6236207E+00  0.5764739E-01  0.2540206E-04 0
 -0.6236207E+00 -0.5764739E-01  0.2540206E-04 0
 -0.7668422E-01  0.5572487E+00  0.4787479E-03 0
 -0.7668422E-01 -0.5572487E+00  0.4787479E-03 0
  0.5139706E+00  0.0000000E+00  0.1229173E+00 0
 -0.3073961E+00  0.0000000E+00  0.1097156E+00 0
 -0.3486652E-02  0.0000000E+00  0.1530708E+00 0
