# POD Eigenvalue Spectrum
# mode   eigenvalue      energy_%    cumulative_%
     1  0.46365264E+01  0.49605558E+02  0.49605558E+02
     2  0.44860558E+01  0.47995694E+02  0.97601253E+02
     3  0.77166868E-01  0.82559771E+00  0.98426850E+02
     4  0.76142052E-01  0.81463335E+00  0.99241484E+02
     5  0.33209761E-01  0.35530667E+00  0.99596790E+02
     6  0.32789298E-01  0.35080819E+00  0.99947599E+02
     7  0.20112016E-02  0.21517569E-01  0.99969116E+02
     8  0.19684166E-02  0.21059818E-01  0.99990176E+02
     9  0.39077687E-03  0.41808680E-02  0.99994357E+02
    10  0.38187568E-03  0.40856354E-02  0.99998443E+02
    11  0.95043942E-04  0.10168621E-02  0.99999459E+02
    12  0.24374226E-04  0.26077649E-03  0.99999720E+02
    13  0.99435227E-05  0.10638438E-03  0.99999827E+02
    14  0.95246459E-05  0.10190288E-03  0.99999928E+02
    15  0.22872282E-05  0.24470740E-04  0.99999953E+02
    16  0.21703784E-05  0.23220580E-04  0.99999976E+02
    17  0.56813364E-06  0.60783838E-05  0.99999982E+02
    18  0.52767350E-06  0.56455063E-05  0.99999988E+02
    19  0.48146818E-06  0.51511619E-05  0.99999993E+02
    20  0.12068724E-06  0.12912162E-05  0.99999994E+02
    21  0.10820213E-06  0.11576397E-05  0.99999995E+02
    22  0.99270507E-07  0.10620815E-05  0.99999997E+02
    23  0.85146698E-07  0.91097282E-06  0.99999997E+02
    24  0.68405438E-07  0.73186038E-06  0.99999998E+02
    25  0.36943288E-07  0.39525116E-06  0.99999999E+02
    26  0.30270190E-07  0.32385661E-06  0.99999999E+02
    27  0.22594775E-07  0.24173839E-06  0.99999999E+02
    28  0.12656004E-07  0.13540485E-06  0.99999999E+02
    29  0.10565522E-07  0.11303907E-06  0.99999999E+02
    30  0.84385304E-08  0.90282677E-07  0.99999999E+02
    31  0.77787282E-08  0.83223543E-07  0.10000000E+03
    32  0.70843893E-08  0.75794908E-07  0.10000000E+03
    33  0.53291601E-08  0.57015951E-07  0.10000000E+03
    34  0.48801411E-08  0.52211959E-07  0.10000000E+03
    35  0.43937545E-08  0.47008175E-07  0.10000000E+03
    36  0.28794730E-08  0.30807086E-07  0.10000000E+03
    37  0.26063562E-08  0.27885046E-07  0.10000000E+03
    38  0.25724356E-08  0.27522135E-07  0.10000000E+03
    39  0.20810617E-08  0.22264993E-07  0.10000000E+03
    40  0.20449214E-08  0.21878333E-07  0.10000000E+03
    41  0.17168440E-08  0.18368278E-07  0.10000000E+03
    42  0.83758614E-09  0.89612190E-08  0.10000000E+03
    43  0.49681248E-09  0.53153284E-08  0.10000000E+03
    44  0.44798148E-09  0.47928923E-08  0.10000000E+03
    45  0.29615556E-09  0.31685276E-08  0.10000000E+03
    46  0.28773599E-09  0.30784478E-08  0.10000000E+03
    47  0.24354171E-09  0.26056193E-08  0.10000000E+03
    48  0.23128488E-09  0.24744852E-08  0.10000000E+03
    49  0.18725995E-09  0.20034685E-08  0.10000000E+03
    50  0.15692001E-09  0.16788656E-08  0.10000000E+03
    51  0.11946459E-09  0.12781352E-08  0.10000000E+03
    52  0.10299085E-09  0.11018850E-08  0.10000000E+03
    53  0.94365633E-10  0.10096049E-08  0.10000000E+03
    54  0.89788228E-10  0.96063191E-09  0.10000000E+03
    55  0.86848931E-10  0.92918478E-09  0.10000000E+03
    56  0.78731133E-10  0.84233357E-09  0.10000000E+03
    57  0.66274580E-10  0.70906262E-09  0.10000000E+03
    58  0.52513714E-10  0.56183700E-09  0.10000000E+03
    59  0.46442586E-10  0.49688284E-09  0.10000000E+03
    60  0.42934549E-10  0.45935084E-09  0.10000000E+03
    61  0.36790768E-10  0.39361937E-09  0.10000000E+03
    62  0.35061821E-10  0.37512160E-09  0.10000000E+03
    63  0.30022046E-10  0.32120174E-09  0.10000000E+03
    64  0.26560163E-10  0.28416353E-09  0.10000000E+03
    65  0.23906134E-10  0.25576844E-09  0.10000000E+03
    66  0.21955647E-10  0.23490044E-09  0.10000000E+03
    67  0.19498507E-10  0.20861184E-09  0.10000000E+03
    68  0.16175510E-10  0.17305955E-09  0.10000000E+03
    69  0.13463075E-10  0.14403959E-09  0.10000000E+03
    70  0.11968641E-10  0.12805084E-09  0.10000000E+03
    71  0.11215553E-10  0.11999366E-09  0.10000000E+03
    72  0.98721239E-11  0.10562050E-09  0.10000000E+03
    73  0.96728175E-11  0.10348814E-09  0.10000000E+03
    74  0.89568870E-11  0.95828503E-10  0.10000000E+03
    75  0.80652594E-11  0.86289102E-10  0.10000000E+03
    76  0.71745691E-11  0.76759729E-10  0.10000000E+03
    77  0.70038609E-11  0.74933345E-10  0.10000000E+03
    78  0.62077919E-11  0.66416312E-10  0.10000000E+03
    79  0.53108812E-11  0.56820388E-10  0.10000000E+03
    80  0.49904002E-11  0.53391606E-10  0.10000000E+03
    81  0.46547930E-11  0.49800990E-10  0.10000000E+03
    82  0.41416917E-11  0.44311390E-10  0.10000000E+03
    83  0.38231923E-11  0.40903809E-10  0.10000000E+03
    84  0.32942556E-11  0.35244788E-10  0.10000000E+03
    85  0.29951489E-11  0.32044687E-10  0.10000000E+03
    86  0.29512014E-11  0.31574499E-10  0.10000000E+03
    87  0.27968619E-11  0.29923241E-10  0.10000000E+03
    88  0.26477860E-11  0.28328299E-10  0.10000000E+03
    89  0.23873801E-11  0.25542252E-10  0.10000000E+03
    90  0.22612396E-11  0.24192692E-10  0.10000000E+03
    91  0.22175150E-11  0.23724889E-10  0.10000000E+03
    92  0.20821363E-11  0.22276490E-10  0.10000000E+03
    93  0.19168820E-11  0.20508457E-10  0.10000000E+03
    94  0.16412673E-11  0.17559693E-10  0.10000000E+03
    95  0.15676647E-11  0.16772229E-10  0.10000000E+03
    96  0.13757021E-11  0.14718448E-10  0.10000000E+03
    97  0.13127408E-11  0.14044834E-10  0.10000000E+03
    98  0.11181366E-11  0.11962790E-10  0.10000000E+03
    99  0.10276845E-11  0.10995055E-10  0.10000000E+03
   100 -0.18358366E-15 -0.19641364E-14  0.10000000E+03
