 -0.4335779E-02  0.9640092E-03  0.0000000E+00 1
 -0.4335779E-02 -0.9640092E-03  0.0000000E+00 1
 -0.1271168E+00  0.0000000E+00  0.1432476E-46 1
 -0.1832277E+00  0.3092937E+00  0.8894404E-32 1
 -0.1832277E+00 -0.3092937E+00  0.8894404E-32 1
 -0.1854744E+00  0.2139565E+00  0.1006525E-30 1
 -0.1854744E+00 -0.2139565E+00  0.1006525E-30 1
 -0.1863051E+00  0.1325344E-01  0.1529319E-31 1
 -0.1863051E+00 -0.1325344E-01  0.1529319E-31 1
 -0.1877497E+00  0.3889431E+00  0.1415252E-30 1
 -0.1877497E+00 -0.3889431E+00  0.1415252E-30 1
 -0.1958945E+00  0.6888870E-01  0.9230472E-29 1
 -0.1958945E+00 -0.6888870E-01  0.9230472E-29 1
 -0.1964867E+00  0.1326148E+00  0.1256682E-26 1
 -0.1964867E+00 -0.1326148E+00  0.1256682E-26 1
 -0.1973247E+00  0.2988213E+00  0.3256694E-27 1
 -0.1973247E+00 -0.2988213E+00  0.3256694E-27 1
 -0.2013067E+00  0.1283204E+00  0.4155718E-26 1
 -0.2013067E+00 -0.1283204E+00  0.4155718E-26 1
 -0.2024009E+00  0.9935488E-01  0.1858117E-25 1
 -0.2024009E+00 -0.9935488E-01  0.1858117E-25 1
 -0.2027317E+00  0.2169005E+00  0.1661004E-25 1
 -0.2027317E+00 -0.2169005E+00  0.1661004E-25 1
 -0.2045350E+00  0.1032750E+00  0.9092685E-24 1
 -0.2045350E+00 -0.1032750E+00  0.9092685E-24 1
 -0.2172814E+00  0.2051838E+00  0.1389240E-21 1
 -0.2172814E+00 -0.2051838E+00  0.1389240E-21 1
 -0.2225529E+00  0.2971730E+00  0.4895867E-21 1
 -0.2225529E+00 -0.2971730E+00  0.4895867E-21 1
 -0.2260970E+00  0.3917960E+00  0.1057968E-20 1
 -0.2260970E+00 -0.3917960E+00  0.1057968E-20 1
 -0.2300670E+00  0.1837845E+00  0.2431859E-19 1
 -0.2300670E+00 -0.1837845E+00  0.2431859E-19 1
 -0.2311030E+00  0.3003775E+00  0.4351776E-19 1
 -0.2311030E+00 -0.3003775E+00  0.4351776E-19 1
 -0.2365324E+00  0.1968326E+00  0.2506244E-17 1
 -0.2365324E+00 -0.1968326E+00  0.2506244E-17 1
 -0.2425071E+00  0.9399171E-01  0.1252484E-16 1
 -0.2425071E+00 -0.9399171E-01  0.1252484E-16 1
 -0.2497270E+00  0.7962148E-02  0.9952256E-16 1
 -0.2497270E+00 -0.7962148E-02  0.9952256E-16 1
 -0.2576633E+00  0.1092274E+00  0.1402726E-13 1
 -0.2576633E+00 -0.1092274E+00  0.1402726E-13 1
 -0.2656768E+00  0.2103153E+00  0.7212421E-12 1
 -0.2656768E+00 -0.2103153E+00  0.7212421E-12 1
 -0.2657931E+00  0.2588881E+00  0.6241746E-13 1
 -0.2657931E+00 -0.2588881E+00  0.6241746E-13 1
 -0.2737267E+00  0.3111849E+00  0.3080908E-10 1
 -0.2737267E+00 -0.3111849E+00  0.3080908E-10 1
 -0.2774261E+00  0.3217155E+00  0.2298716E-10 1
 -0.2774261E+00 -0.3217155E+00  0.2298716E-10 1
 -0.2815256E+00  0.3802936E+00  0.3171827E-08 1
 -0.2815256E+00 -0.3802936E+00  0.3171827E-08 1
 -0.2821081E+00  0.3812692E+00  0.2388413E-08 1
 -0.2821081E+00 -0.3812692E+00  0.2388413E-08 1
 -0.2909920E+00  0.2804789E+00  0.1563372E-07 1
 -0.2909920E+00 -0.2804789E+00  0.1563372E-07 1
 -0.2958397E+00  0.2814974E+00  0.2074341E-07 1
 -0.2958397E+00 -0.2814974E+00  0.2074341E-07 1
 -0.3004075E+00  0.1797353E+00  0.4216473E-07 1
 -0.3004075E+00 -0.1797353E+00  0.4216473E-07 1
 -0.3097812E+00  0.7863524E-01  0.4324523E-06 1
 -0.3097812E+00 -0.7863524E-01  0.4324523E-06 1
 -0.3111818E+00  0.8910681E-01  0.5422330E-06 1
 -0.3111818E+00 -0.8910681E-01  0.5422330E-06 1
 -0.3116105E+00  0.1863672E+00  0.2217983E-06 1
 -0.3116105E+00 -0.1863672E+00  0.2217983E-06 1
 -0.3205162E+00  0.2010911E-01  0.7552296E-05 0
 -0.3205162E+00 -0.2010911E-01  0.7552296E-05 0
 -0.3218330E+00  0.2512858E-01  0.7595212E-05 0
 -0.3218330E+00 -0.2512858E-01  0.7595212E-05 0
 -0.3280132E+00  0.1217186E+00  0.4178939E-05 0
 -0.3280132E+00 -0.1217186E+00  0.4178939E-05 0
 -0.3305886E+00  0.2380776E+00  0.3258285E-05 0
 -0.3305886E+00 -0.2380776E+00  0.3258285E-05 0
 -0.3329265E+00  0.1007174E+00  0.3392238E-05 0
 -0.3329265E+00 -0.1007174E+00  0.3392238E-05 0
 -0.3349226E+00  0.7191669E-01  0.3426764E-05 0
 -0.3349226E+00 -0.7191669E-01  0.3426764E-05 0
 -0.3349648E+00  0.0000000E+00  0.4197497E-05 0
 -0.3353947E+00  0.1370678E+00  0.2397735E-05 0
 -0.3353947E+00 -0.1370678E+00  0.2397735E-05 0
 -0.3364558E+00  0.4260626E-01  0.3524873E-05 0
 -0.3364558E+00 -0.4260626E-01  0.3524873E-05 0
 -0.3365056E+00  0.2263567E+00  0.2308427E-05 0
 -0.3365056E+00 -0.2263567E+00  0.2308427E-05 0
 -0.3389107E+00  0.1962389E+00  0.2091566E-05 0
 -0.3389107E+00 -0.1962389E+00  0.2091566E-05 0
 -0.3389328E+00  0.1639763E+00  0.2007766E-05 0
 -0.3389328E+00 -0.1639763E+00  0.2007766E-05 0
 -0.3437755E+00  0.2641861E+00  0.1563888E-05 0
 -0.3437755E+00 -0.2641861E+00  0.1563888E-05 0
 -0.3471443E+00 -0.2964967E+00  0.1335206E-05 0
 -0.3471443E+00  0.2964967E+00  0.1335206E-05 0
 -0.3483887E+00 -0.3252236E+00  0.1235679E-05 0
 -0.3483887E+00  0.3252236E+00  0.1235679E-05 0
 -0.3505745E+00 -0.3525176E+00  0.1113474E-05 0
 -0.3505745E+00  0.3525176E+00  0.1113474E-05 0
 -0.3519950E+00 -0.3819151E+00  0.1087257E-05 0
 -0.3519950E+00  0.3819151E+00  0.1087257E-05 0
