  0.3920120E+01  0.0000000E+00  0.1119249E-13 1
  0.3897323E+01  0.1354999E+01  0.1094022E-13 1
  0.3897323E+01 -0.1354999E+01  0.1094022E-13 1
  0.3682134E+01  0.3367717E+00  0.8822070E-14 1
  0.3682134E+01 -0.3367717E+00  0.8822070E-14 1
  0.3667529E+01  0.2663056E+01  0.8694166E-14 1
  0.3667529E+01 -0.2663056E+01  0.8694166E-14 1
  0.3632462E+01  0.1998832E+01  0.8394573E-14 1
  0.3632462E+01 -0.1998832E+01  0.8394573E-14 1
  0.3611973E+01  0.2009905E+01  0.8224320E-14 1
  0.3611973E+01 -0.2009905E+01  0.8224320E-14 1
  0.3587180E+01  0.2256154E+01  0.8022925E-14 1
  0.3587180E+01 -0.2256154E+01  0.8022925E-14 1
  0.3544107E+01  0.7167500E+00  0.7684687E-14 1
  0.3544107E+01 -0.7167500E+00  0.7684687E-14 1
  0.3528754E+01  0.1507706E+01  0.7567609E-14 1
  0.3528754E+01 -0.1507706E+01  0.7567609E-14 1
  0.3503858E+01  0.0000000E+00  0.7381534E-14 1
  0.3493112E+01 -0.4728464E+00  0.7302635E-14 1
  0.3493112E+01  0.4728464E+00  0.7302635E-14 1
  0.3484234E+01 -0.1187151E+01  0.7238084E-14 1
  0.3484234E+01  0.1187151E+01  0.7238084E-14 1
  0.3474568E+01  0.0000000E+00  0.7168459E-14 1
  0.3447149E+01  0.8064966E+00  0.6974580E-14 1
  0.3447149E+01 -0.8064966E+00  0.6974580E-14 1
  0.3440686E+01  0.1112210E+01  0.6929646E-14 1
  0.3440686E+01 -0.1112210E+01  0.6929646E-14 1
  0.3417531E+01  0.2780292E+01  0.6771038E-14 1
  0.3417531E+01 -0.2780292E+01  0.6771038E-14 1
  0.3415100E+01  0.1278289E+01  0.6754592E-14 1
  0.3415100E+01 -0.1278289E+01  0.6754592E-14 1
  0.3413665E+01  0.0000000E+00  0.6744912E-14 1
  0.3412360E+01 -0.2018090E+01  0.6736110E-14 1
  0.3412360E+01  0.2018090E+01  0.6736110E-14 1
  0.3408338E+01 -0.5327116E+00  0.6709075E-14 1
  0.3408338E+01  0.5327116E+00  0.6709075E-14 1
  0.3405775E+01 -0.2224938E+00  0.6691903E-14 1
  0.3405775E+01  0.2224938E+00  0.6691903E-14 1
  0.3388362E+01  0.2277731E+01  0.1054722E-13 1
  0.3388362E+01 -0.2277731E+01  0.1054722E-13 1
  0.3371877E+01  0.1210184E+00  0.1231904E-11 1
  0.3371877E+01 -0.1210184E+00  0.1231904E-11 1
  0.3369064E+01  0.9545788E+00  0.5509423E-11 1
  0.3369064E+01 -0.9545788E+00  0.5509423E-11 1
  0.3368240E+01  0.1518288E+01  0.1472025E-12 1
  0.3368240E+01 -0.1518288E+01  0.1472025E-12 1
  0.3360887E+01  0.2390262E+01  0.6926713E-12 1
  0.3360887E+01 -0.2390262E+01  0.6926713E-12 1
  0.3356726E+01  0.1874843E+01  0.8570491E-11 1
  0.3356726E+01 -0.1874843E+01  0.8570491E-11 1
  0.3339368E+01  0.3086228E+01  0.2153138E-10 1
  0.3339368E+01 -0.3086228E+01  0.2153138E-10 1
  0.3327293E+01  0.1656477E+01  0.4482291E-09 1
  0.3327293E+01 -0.1656477E+01  0.4482291E-09 1
  0.3321419E+01  0.2993695E+01  0.3212655E-09 1
  0.3321419E+01 -0.2993695E+01  0.3212655E-09 1
  0.3320361E+01  0.1829730E+01  0.1261504E-08 1
  0.3320361E+01 -0.1829730E+01  0.1261504E-08 1
  0.3307890E+01  0.7147438E+00  0.1047709E-07 1
  0.3307890E+01 -0.7147438E+00  0.1047709E-07 1
  0.3305953E+01  0.0000000E+00  0.8037996E-08 1
  0.3287085E+01  0.2328575E+01  0.1572353E-07 1
  0.3287085E+01 -0.2328575E+01  0.1572353E-07 1
  0.3286429E+01  0.2703656E+01  0.6450373E-08 1
  0.3286429E+01 -0.2703656E+01  0.6450373E-08 1
  0.3283194E+01  0.1414071E+01  0.6459526E-07 1
  0.3283194E+01 -0.1414071E+01  0.6459526E-07 1
  0.3278502E+01  0.2544240E+01  0.2040035E-07 1
  0.3278502E+01 -0.2544240E+01  0.2040035E-07 1
  0.3274643E+01  0.8875562E+00  0.4465645E-06 1
  0.3274643E+01 -0.8875562E+00  0.4465645E-06 1
  0.3271877E+01  0.1694413E+01  0.2761506E-06 1
  0.3271877E+01 -0.1694413E+01  0.2761506E-06 1
  0.3267063E+01  0.1234805E+01  0.2098352E-05 1
  0.3267063E+01 -0.1234805E+01  0.2098352E-05 1
  0.3257585E+01  0.1124755E+01  0.5207261E-05 1
  0.3257585E+01 -0.1124755E+01  0.5207261E-05 1
  0.3254266E+01  0.1968907E+01  0.1017251E-04 1
  0.3254266E+01 -0.1968907E+01  0.1017251E-04 1
  0.3251279E+01  0.2861810E+01  0.6424891E-06 1
  0.3251279E+01 -0.2861810E+01  0.6424891E-06 1
  0.3250079E+01  0.1060832E+01  0.8013094E-04 0
  0.3250079E+01 -0.1060832E+01  0.8013094E-04 0
  0.3246946E+01  0.5545901E+00  0.9493183E-05 1
  0.3246946E+01 -0.5545901E+00  0.9493183E-05 1
  0.3241914E+01  0.3664748E+00  0.3003752E-05 1
  0.3241914E+01 -0.3664748E+00  0.3003752E-05 1
  0.3240385E+01  0.0000000E+00  0.2455598E-04 1
  0.3235015E+01  0.2620724E+01  0.3032860E-05 1
  0.3235015E+01 -0.2620724E+01  0.3032860E-05 1
  0.3230093E+01  0.4648311E+00  0.3585804E-04 0
  0.3230093E+01 -0.4648311E+00  0.3585804E-04 0
  0.3229740E+01  0.6855843E+00  0.1692880E-03 0
  0.3229740E+01 -0.6855843E+00  0.1692880E-03 0
  0.3219800E+01  0.3108505E+01  0.3403289E-04 0
  0.3219800E+01 -0.3108505E+01  0.3403289E-04 0
  0.3202175E+01  0.9092573E+00  0.1678351E-02 0
  0.3202175E+01 -0.9092573E+00  0.1678351E-02 0
  0.3199559E+01  0.1399774E+01  0.8719842E-03 0
  0.3199559E+01 -0.1399774E+01  0.8719842E-03 0
  0.3196000E+01  0.2351644E+01  0.6412674E-03 0
  0.3196000E+01 -0.2351644E+01  0.6412674E-03 0
  0.3193136E+01  0.2734034E+01  0.5823463E-03 0
  0.3193136E+01 -0.2734034E+01  0.5823463E-03 0
  0.3190762E+01  0.5931659E+00  0.4590736E-02 0
  0.3190762E+01 -0.5931659E+00  0.4590736E-02 0
  0.3190719E+01  0.1818594E+01  0.3818307E-01 0
  0.3190719E+01 -0.1818594E+01  0.3818307E-01 0
  0.3189210E+01  0.1626327E+01  0.2323615E-02 0
  0.3189210E+01 -0.1626327E+01  0.2323615E-02 0
  0.3188125E+01  0.2521685E+01  0.8131529E-02 0
  0.3188125E+01 -0.2521685E+01  0.8131529E-02 0
  0.3185554E+01  0.2150874E+01  0.1990502E-02 0
  0.3185554E+01 -0.2150874E+01  0.1990502E-02 0
  0.3185310E+01  0.1469171E+01  0.1045281E-02 0
  0.3185310E+01 -0.1469171E+01  0.1045281E-02 0
  0.3184649E+01  0.2275924E+00  0.8792214E-03 0
  0.3184649E+01 -0.2275924E+00  0.8792214E-03 0
  0.3183164E+01  0.0000000E+00  0.5638265E-02 0
  0.3176812E+01  0.1959541E+01  0.1221244E+00 0
  0.3176812E+01 -0.1959541E+01  0.1221244E+00 0
  0.3173871E+01  0.1286196E+01  0.8376757E-02 0
  0.3173871E+01 -0.1286196E+01  0.8376757E-02 0
  0.3166441E+01  0.2991804E+01  0.2129030E-02 0
  0.3166441E+01 -0.2991804E+01  0.2129030E-02 0
  0.3164163E+01  0.1147613E+01  0.1657694E-01 0
  0.3164163E+01 -0.1147613E+01  0.1657694E-01 0
  0.3162881E+01  0.7729000E+00  0.3424756E-01 0
  0.3162881E+01 -0.7729000E+00  0.3424756E-01 0
  0.3161975E+01  0.2475584E+01  0.1521824E-01 0
  0.3161975E+01 -0.2475584E+01  0.1521824E-01 0
  0.3158826E+01  0.2789878E+01  0.1447725E-01 0
  0.3158826E+01 -0.2789878E+01  0.1447725E-01 0
  0.3151741E+01  0.3525712E+00  0.2218281E-01 0
  0.3151741E+01 -0.3525712E+00  0.2218281E-01 0
  0.3150943E+01  0.2912933E+01  0.1144517E-01 0
  0.3150943E+01 -0.2912933E+01  0.1144517E-01 0
  0.3150217E+01  0.5405038E+00  0.3392822E-01 0
  0.3150217E+01 -0.5405038E+00  0.3392822E-01 0
  0.3147069E+01  0.2022720E+01  0.9597802E-01 0
  0.3147069E+01 -0.2022720E+01  0.9597802E-01 0
  0.3140264E+01  0.2129724E+01  0.8623353E-01 0
  0.3140264E+01 -0.2129724E+01  0.8623353E-01 0
  0.3138560E+01  0.6968956E+00  0.7600661E-01 0
  0.3138560E+01 -0.6968956E+00  0.7600661E-01 0
  0.3138484E+01  0.1989279E+01  0.2719532E+00 0
  0.3138484E+01 -0.1989279E+01  0.2719532E+00 0
  0.3130680E+01  0.2197711E+01  0.6439724E-01 0
  0.3130680E+01 -0.2197711E+01  0.6439724E-01 0
  0.3125800E+01  0.1215924E+01  0.2162730E+00 0
  0.3125800E+01 -0.1215924E+01  0.2162730E+00 0
  0.3112079E+01  0.3800923E+00  0.1463952E+00 0
  0.3112079E+01 -0.3800923E+00  0.1463952E+00 0
  0.3102023E+01  0.1414125E+00  0.3764928E+00 0
  0.3102023E+01 -0.1414125E+00  0.3764928E+00 0
  0.3101132E+01  0.1678624E+01  0.7785792E+00 0
  0.3101132E+01 -0.1678624E+01  0.7785792E+00 0
  0.3096906E+01  0.1011544E+01  0.1147317E+01 0
  0.3096906E+01 -0.1011544E+01  0.1147317E+01 0
  0.3096230E+01  0.3362473E-01  0.4511075E+00 0
  0.3096230E+01 -0.3362473E-01  0.4511075E+00 0
  0.3091772E+01  0.8789433E+00  0.1212441E+01 0
  0.3091772E+01 -0.8789433E+00  0.1212441E+01 0
  0.3090675E+01  0.2678498E+01  0.1277263E+01 0
  0.3090675E+01 -0.2678498E+01  0.1277263E+01 0
  0.3090227E+01  0.1598122E+01  0.7364851E+00 0
  0.3090227E+01 -0.1598122E+01  0.7364851E+00 0
  0.3085468E+01  0.2258682E+01  0.2306658E+00 0
  0.3085468E+01 -0.2258682E+01  0.2306658E+00 0
  0.3074192E+01  0.1937160E+01  0.1528422E+01 0
  0.3074192E+01 -0.1937160E+01  0.1528422E+01 0
  0.3071637E+01  0.0000000E+00  0.9783817E+00 0
  0.3060739E+01  0.1432705E+01  0.1605255E+01 0
  0.3060739E+01 -0.1432705E+01  0.1605255E+01 0
  0.3057556E+01  0.1772251E+01  0.2623041E+01 0
  0.3057556E+01 -0.1772251E+01  0.2623041E+01 0
  0.3055014E+01  0.1106941E+01  0.2016525E+01 0
  0.3055014E+01 -0.1106941E+01  0.2016525E+01 0
  0.3049379E+01  0.3023643E+01  0.1164131E+01 0
  0.3049379E+01 -0.3023643E+01  0.1164131E+01 0
  0.3049240E+01  0.2443274E+01  0.1672689E+01 0
  0.3049240E+01 -0.2443274E+01  0.1672689E+01 0
  0.3031024E+01  0.2839948E+01  0.2380196E+01 0
  0.3031024E+01 -0.2839948E+01  0.2380196E+01 0
  0.3018008E+01  0.2654029E+01  0.2851183E+01 0
  0.3018008E+01 -0.2654029E+01  0.2851183E+01 0
  0.2993012E+01  0.2277610E+00  0.2993347E+01 0
  0.2993012E+01 -0.2277610E+00  0.2993347E+01 0
  0.2954147E+01  0.2327085E+01  0.3977924E+01 0
  0.2954147E+01 -0.2327085E+01  0.3977924E+01 0
  0.2945384E+01  0.4048773E+00  0.3712664E+01 0
  0.2945384E+01 -0.4048773E+00  0.3712664E+01 0
  0.2938246E+01  0.7041304E+00  0.4645386E+01 0
  0.2938246E+01 -0.7041304E+00  0.4645386E+01 0
  0.2880152E+01  0.1064586E+01  0.7387831E+01 0
  0.2880152E+01 -0.1064586E+01  0.7387831E+01 0
  0.2809115E+01  0.0000000E+00  0.8099171E+01 0
  0.2659251E+01 -0.1407426E+01  0.1115498E+02 0
  0.2659251E+01  0.1407426E+01  0.1115498E+02 0
  0.2272649E+01  0.0000000E+00  0.1497309E+02 0
