  0.3920120E+01  0.0000000E+00  0.1119249E-13 1
  0.3897323E+01  0.1354999E+01  0.1094022E-13 1
  0.3897323E+01 -0.1354999E+01  0.1094022E-13 1
  0.3682134E+01  0.3367717E+00  0.2855600E-11 1
  0.3682134E+01 -0.3367717E+00  0.2855600E-11 1
  0.3667529E+01  0.2663056E+01  0.6592198E-12 1
  0.3667529E+01 -0.2663056E+01  0.6592198E-12 1
  0.3632462E+01  0.1998832E+01  0.2269469E-09 1
  0.3632462E+01 -0.1998832E+01  0.2269469E-09 1
  0.3611973E+01  0.2009905E+01  0.1227488E-08 1
  0.3611973E+01 -0.2009905E+01  0.1227488E-08 1
  0.3587180E+01  0.2256154E+01  0.1510129E-08 1
  0.3587180E+01 -0.2256154E+01  0.1510129E-08 1
  0.3544107E+01  0.7167500E+00  0.7488169E-07 1
  0.3544107E+01 -0.7167500E+00  0.7488169E-07 1
  0.3528754E+01  0.1507706E+01  0.1888229E-06 1
  0.3528754E+01 -0.1507706E+01  0.1888229E-06 1
  0.3503859E+01  0.0000000E+00  0.5772921E-05 1
  0.3493112E+01  0.4728465E+00  0.4765054E-05 1
  0.3493112E+01 -0.4728465E+00  0.4765054E-05 1
  0.3484233E+01  0.1187151E+01  0.9075454E-05 1
  0.3484233E+01 -0.1187151E+01  0.9075454E-05 1
  0.3474568E+01  0.0000000E+00  0.8906195E-04 0
  0.3447148E+01  0.8064957E+00  0.7655015E-04 0
  0.3447148E+01 -0.8064957E+00  0.7655015E-04 0
  0.3440683E+01  0.1112208E+01  0.2865667E-03 0
  0.3440683E+01 -0.1112208E+01  0.2865667E-03 0
  0.3417530E+01 -0.2780295E+01  0.6828658E-03 0
  0.3417530E+01  0.2780295E+01  0.6828658E-03 0
  0.3415096E+01  0.1278289E+01  0.9397866E-03 0
  0.3415096E+01 -0.1278289E+01  0.9397866E-03 0
  0.3413759E+01  0.0000000E+00  0.1257206E-01 0
  0.3412364E+01  0.2018085E+01  0.2024760E-02 0
  0.3412364E+01 -0.2018085E+01  0.2024760E-02 0
  0.3408270E+01  0.5327363E+00  0.6018287E-02 0
  0.3408270E+01 -0.5327363E+00  0.6018287E-02 0
  0.3405761E+01  0.2224962E+00  0.2764067E-02 0
  0.3405761E+01 -0.2224962E+00  0.2764067E-02 0
  0.3388364E+01  0.2277702E+01  0.6357159E-02 0
  0.3388364E+01 -0.2277702E+01  0.6357159E-02 0
  0.3371412E+01  0.1212712E+00  0.1212555E+00 0
  0.3371412E+01 -0.1212712E+00  0.1212555E+00 0
  0.3369250E+01  0.9531322E+00  0.7489388E-01 0
  0.3369250E+01 -0.9531322E+00  0.7489388E-01 0
  0.3368366E+01  0.1518292E+01  0.8261288E-02 0
  0.3368366E+01 -0.1518292E+01  0.8261288E-02 0
  0.3360911E+01  0.2389998E+01  0.2777608E-01 0
  0.3360911E+01 -0.2389998E+01  0.2777608E-01 0
  0.3356886E+01  0.1875649E+01  0.1187141E+00 0
  0.3356886E+01 -0.1875649E+01  0.1187141E+00 0
  0.3340309E+01  0.3086761E+01  0.1398596E+00 0
  0.3340309E+01 -0.3086761E+01  0.1398596E+00 0
  0.3327265E+01  0.1658234E+01  0.5192653E+00 0
  0.3327265E+01 -0.1658234E+01  0.5192653E+00 0
  0.3325760E+01  0.0000000E+00  0.6117428E+00 0
  0.3320363E+01 -0.2997193E+01  0.4007761E+00 0
  0.3320363E+01  0.2997193E+01  0.4007761E+00 0
  0.3312709E+01  0.1831100E+01  0.6223315E+00 0
  0.3312709E+01 -0.1831100E+01  0.6223315E+00 0
  0.3309956E+01  0.7078092E+00  0.3056072E+00 0
  0.3309956E+01 -0.7078092E+00  0.3056072E+00 0
  0.3286772E+01 -0.2325770E+01  0.4596307E+00 0
  0.3286772E+01  0.2325770E+01  0.4596307E+00 0
  0.3283173E+01  0.1423168E+01  0.5379777E+00 0
  0.3283173E+01 -0.1423168E+01  0.5379777E+00 0
  0.3282356E+01 -0.2551718E+01  0.2138397E+00 0
  0.3282356E+01  0.2551718E+01  0.2138397E+00 0
  0.3280818E+01 -0.2710836E+01  0.3267933E+00 0
  0.3280818E+01  0.2710836E+01  0.3267933E+00 0
  0.3272004E+01  0.8972642E+00  0.4829625E+00 0
  0.3272004E+01 -0.8972642E+00  0.4829625E+00 0
  0.3262809E+01  0.5485048E+00  0.1563146E+01 0
  0.3262809E+01 -0.5485048E+00  0.1563146E+01 0
  0.3260338E+01 -0.2867512E+01  0.9592866E+00 0
  0.3260338E+01  0.2867512E+01  0.9592866E+00 0
  0.3259431E+01  0.1715962E+01  0.2308202E+01 0
  0.3259431E+01 -0.1715962E+01  0.2308202E+01 0
  0.3246963E+01  0.3742974E+00  0.1026770E+01 0
  0.3246963E+01 -0.3742974E+00  0.1026770E+01 0
  0.3243018E+01 -0.2658521E+01  0.8902190E+00 0
  0.3243018E+01  0.2658521E+01  0.8902190E+00 0
  0.3239160E+01  0.1112455E+01  0.8078809E+00 0
  0.3239160E+01 -0.1112455E+01  0.8078809E+00 0
  0.3190660E+01  0.1262960E+01  0.2672529E+01 0
  0.3190660E+01 -0.1262960E+01  0.2672529E+01 0
  0.3184935E+01  0.0000000E+00  0.5345347E+01 0
  0.3157491E+01  0.2540174E+00  0.4784517E+01 0
  0.3157491E+01 -0.2540174E+00  0.4784517E+01 0
  0.3138476E+01  0.2120787E+01  0.4318197E+01 0
  0.3138476E+01 -0.2120787E+01  0.4318197E+01 0
  0.3129267E+01  0.5638939E+00  0.5957400E+01 0
  0.3129267E+01 -0.5638939E+00  0.5957400E+01 0
  0.3128254E+01  0.2039283E+01  0.5290398E+01 0
  0.3128254E+01 -0.2039283E+01  0.5290398E+01 0
  0.3066002E+01  0.1563223E+01  0.9427510E+01 0
  0.3066002E+01 -0.1563223E+01  0.9427510E+01 0
  0.2823825E+01  0.2754505E+01  0.1397025E+02 0
  0.2823825E+01 -0.2754505E+01  0.1397025E+02 0
  0.2497351E+01  0.2037524E+01  0.1753382E+02 0
  0.2497351E+01 -0.2037524E+01  0.1753382E+02 0
