        1   2.210183E+02   1.000000E-09   1.023513E-02   1.000000E-09
        2   1.191379E+02   1.000000E-09   1.016517E-02   1.000000E-09
        3   1.322686E+02   1.000000E-09   6.822177E-03   1.000000E-09
        4   1.276803E+02   1.000000E-09   5.637920E-03   1.000000E-09
        5   1.360667E+02   1.000000E-09   4.817078E-03   1.000000E-09
        6   1.264179E+02   1.000000E-09   4.250436E-03   1.000000E-09
        7   1.218914E+02   1.000000E-09   3.765257E-03   1.000000E-09
        8   1.220649E+02   1.000000E-09   3.368398E-03   1.000000E-09
        9   1.191913E+02   1.000000E-09   3.040437E-03   1.000000E-09
       10   1.164697E+02   1.000000E-09   2.775843E-03   1.000000E-09
       11   1.160602E+02   1.000000E-09   2.562313E-03   1.000000E-09
       12   1.146753E+02   1.000000E-09   2.387834E-03   1.000000E-09
       13   1.125869E+02   1.000000E-09   2.237420E-03   1.000000E-09
       14   1.107354E+02   1.000000E-09   2.095877E-03   1.000000E-09
       15   1.086532E+02   1.000000E-09   1.948476E-03   1.000000E-09
       16   1.070032E+02   1.000000E-09   1.776246E-03   1.000000E-09
       17   1.090056E+02   1.000000E-09   1.568881E-03   1.000000E-09
       18   1.092846E+02   1.000000E-09   1.313597E-03   1.000000E-09
       19   1.098747E+02   1.000000E-09   1.016021E-03   1.000000E-09
       20   1.116963E+02   1.000000E-09   7.550730E-04   1.000000E-09
       21   1.111527E+02   1.000000E-09   5.505777E-04   1.000000E-09
       22   1.119583E+02   1.000000E-09   4.340685E-04   1.000000E-09
       23   1.116284E+02   1.000000E-09   3.461083E-04   1.000000E-09
       24   1.123422E+02   1.000000E-09   2.584245E-04   1.000000E-09
       25   1.105049E+02   1.000000E-09   1.772446E-04   1.000000E-09
       26   1.138731E+02   1.000000E-09   1.226395E-04   1.000000E-09
       27   1.137334E+02   1.000000E-09   7.036894E-05   1.000000E-09
       28   1.152724E+02   1.000000E-09   4.997700E-05   1.000000E-09
       29   1.109031E+02   1.000000E-09   2.921308E-05   1.000000E-09
       30   1.041130E+02   1.000000E-09   1.462445E-05   1.000000E-09
       31   1.085679E+02   1.000000E-09   8.098192E-06   1.000000E-09
       32   1.074448E+02   1.000000E-09   4.576146E-06   1.000000E-09
       33   1.084815E+02   1.000000E-09   1.929114E-06   1.000000E-09
       34   1.090870E+02   1.000000E-09   8.038122E-07   1.000000E-09
       35   1.087768E+02   1.000000E-09   2.923059E-07   1.000000E-09
       36   1.081641E+02   1.000000E-09   1.147061E-07   1.000000E-09
       37   1.091759E+02   1.000000E-09   3.984636E-08   1.000000E-09
       38   1.105129E+02   1.000000E-09   1.485641E-08   1.000000E-09
       39   1.107449E+02   1.000000E-09   7.636396E-09   1.000000E-09
       40   1.107792E+02   1.000000E-09   3.670498E-09   1.000000E-09
       41   1.114502E+02   1.000000E-09   1.645622E-09   1.000000E-09
       42   1.145165E+02   1.000000E-09   6.497222E-10   1.000000E-09
        1   1.191279E+02   1.000000E-09   7.775769E-05   1.000000E-09
        2   1.158053E+02   1.000000E-09   3.099249E-05   1.000000E-09
        3   1.266092E+02   1.000000E-09   3.096586E-05   1.000000E-09
        4   1.267639E+02   1.000000E-09   2.293133E-05   1.000000E-09
        5   1.303121E+02   1.000000E-09   1.851586E-05   1.000000E-09
        6   1.249078E+02   1.000000E-09   1.497674E-05   1.000000E-09
        7   1.234327E+02   1.000000E-09   1.240950E-05   1.000000E-09
        8   1.139418E+02   1.000000E-09   1.046392E-05   1.000000E-09
        9   1.102079E+02   1.000000E-09   8.829967E-06   1.000000E-09
       10   1.037740E+02   1.000000E-09   7.432054E-06   1.000000E-09
       11   1.030790E+02   1.000000E-09   6.208516E-06   1.000000E-09
       12   1.030052E+02   1.000000E-09   5.132757E-06   1.000000E-09
       13   1.037159E+02   1.000000E-09   4.184127E-06   1.000000E-09
       14   1.050889E+02   1.000000E-09   3.360418E-06   1.000000E-09
       15   1.048838E+02   1.000000E-09   2.657155E-06   1.000000E-09
       16   1.053290E+02   1.000000E-09   2.064620E-06   1.000000E-09
       17   1.051053E+02   1.000000E-09   1.572162E-06   1.000000E-09
       18   1.058003E+02   1.000000E-09   1.148914E-06   1.000000E-09
       19   1.056872E+02   1.000000E-09   7.929159E-07   1.000000E-09
       20   1.057848E+02   1.000000E-09   4.417126E-07   1.000000E-09
       21   1.069562E+02   1.000000E-09   2.001386E-07   1.000000E-09
       22   1.076364E+02   1.000000E-09   5.659694E-08   1.000000E-09
       23   1.100845E+02   1.000000E-09   2.390072E-08   1.000000E-09
       24   1.108715E+02   1.000000E-09   1.586171E-08   1.000000E-09
       25   1.085589E+02   1.000000E-09   8.922255E-09   1.000000E-09
       26   1.095743E+02   1.000000E-09   5.481681E-09   1.000000E-09
       27   1.080066E+02   1.000000E-09   3.014321E-09   1.000000E-09
       28   1.088838E+02   1.000000E-09   2.256643E-09   1.000000E-09
       29   1.064851E+02   1.000000E-09   1.661602E-09   1.000000E-09
       30   1.072436E+02   1.000000E-09   9.752423E-10   1.000000E-09
        1   1.271477E+02   1.000000E-09   1.895654E-03   1.000000E-09
        2   1.250172E+02   1.000000E-09   1.850890E-03   1.000000E-09
        3   1.324490E+02   1.000000E-09   1.835251E-03   1.000000E-09
        4   1.223775E+02   1.000000E-09   1.743718E-03   1.000000E-09
        5   1.310193E+02   1.000000E-09   1.523081E-03   1.000000E-09
        6   1.259830E+02   1.000000E-09   1.312443E-03   1.000000E-09
        7   1.197999E+02   1.000000E-09   1.126408E-03   1.000000E-09
        8   1.142583E+02   1.000000E-09   9.502248E-04   1.000000E-09
        9   1.096297E+02   1.000000E-09   7.852805E-04   1.000000E-09
       10   1.092198E+02   1.000000E-09   6.467925E-04   1.000000E-09
       11   1.078152E+02   1.000000E-09   5.248836E-04   1.000000E-09
       12   1.076669E+02   1.000000E-09   4.197338E-04   1.000000E-09
       13   1.072322E+02   1.000000E-09   3.275257E-04   1.000000E-09
       14   1.077039E+02   1.000000E-09   2.525400E-04   1.000000E-09
       15   1.068448E+02   1.000000E-09   1.936146E-04   1.000000E-09
       16   1.060651E+02   1.000000E-09   1.467998E-04   1.000000E-09
       17   1.061264E+02   1.000000E-09   1.085451E-04   1.000000E-09
       18   1.058744E+02   1.000000E-09   7.823891E-05   1.000000E-09
       19   1.054739E+02   1.000000E-09   5.268666E-05   1.000000E-09
       20   1.062284E+02   1.000000E-09   3.607509E-05   1.000000E-09
       21   1.051538E+02   1.000000E-09   2.453964E-05   1.000000E-09
       22   1.048298E+02   1.000000E-09   1.619376E-05   1.000000E-09
       23   1.043172E+02   1.000000E-09   1.043039E-05   1.000000E-09
       24   1.032148E+02   1.000000E-09   6.966624E-06   1.000000E-09
       25   1.019455E+02   1.000000E-09   4.870309E-06   1.000000E-09
       26   1.038786E+02   1.000000E-09   3.761624E-06   1.000000E-09
       27   1.032071E+02   1.000000E-09   3.083302E-06   1.000000E-09
       28   1.012373E+02   1.000000E-09   1.844703E-06   1.000000E-09
       29   1.032074E+02   1.000000E-09   6.183965E-07   1.000000E-09
       30   1.029444E+02   1.000000E-09   1.586319E-07   1.000000E-09
       31   1.035435E+02   1.000000E-09   4.340595E-08   1.000000E-09
       32   1.028115E+02   1.000000E-09   1.491265E-08   1.000000E-09
       33   1.034097E+02   1.000000E-09   5.872045E-09   1.000000E-09
       34   1.044108E+02   1.000000E-09   2.296300E-09   1.000000E-09
       35   1.067748E+02   1.000000E-09   7.808447E-10   1.000000E-09
        1   1.121820E+02   1.000000E-09   7.230438E-06   1.000000E-09
        2   1.118210E+02   1.000000E-09   5.640149E-06   1.000000E-09
        3   1.276886E+02   1.000000E-09   5.632381E-06   1.000000E-09
        4   1.207217E+02   1.000000E-09   4.871546E-06   1.000000E-09
        5   1.301500E+02   1.000000E-09   3.902107E-06   1.000000E-09
        6   1.205938E+02   1.000000E-09   3.090522E-06   1.000000E-09
        7   1.172386E+02   1.000000E-09   2.459976E-06   1.000000E-09
        8   1.096794E+02   1.000000E-09   1.952637E-06   1.000000E-09
        9   1.049436E+02   1.000000E-09   1.531117E-06   1.000000E-09
       10   1.023250E+02   1.000000E-09   1.171438E-06   1.000000E-09
       11   9.901054E+01   1.000000E-09   8.717191E-07   1.000000E-09
       12   1.016277E+02   1.000000E-09   6.341681E-07   1.000000E-09
       13   1.026855E+02   1.000000E-09   4.598750E-07   1.000000E-09
       14   1.036196E+02   1.000000E-09   3.232344E-07   1.000000E-09
       15   1.051595E+02   1.000000E-09   2.262402E-07   1.000000E-09
       16   1.052058E+02   1.000000E-09   1.533912E-07   1.000000E-09
       17   1.048206E+02   1.000000E-09   9.971411E-08   1.000000E-09
       18   1.052764E+02   1.000000E-09   5.499880E-08   1.000000E-09
       19   1.061899E+02   1.000000E-09   2.749709E-08   1.000000E-09
       20   1.065123E+02   1.000000E-09   1.625240E-08   1.000000E-09
       21   1.069876E+02   1.000000E-09   9.220828E-09   1.000000E-09
       22   1.070091E+02   1.000000E-09   5.907273E-09   1.000000E-09
       23   1.064584E+02   1.000000E-09   2.835784E-09   1.000000E-09
       24   1.067823E+02   1.000000E-09   1.518226E-09   1.000000E-09
       25   1.021614E+02   1.000000E-09   1.017629E-09   1.000000E-09
       26   1.043441E+02   1.000000E-09   5.749935E-10   1.000000E-09
        1   1.056635E+02   1.000000E-09   7.811992E-10   1.000000E-09
